5
1 2 4 5 10
12 7 3 6 13
11 23 9 0 14
22 17 8 18 15
16 21 24 19 20
#
5
1 2 4 5 10
12 7 3 6 13
11 23 9 0 14
22 17 8 18 15
16 21 24 19 20
#
5
1 2 4 5 10
12 7 3 6 13
11 23 9 0 14
22 17 8 18 15
16 21 24 19 20
#
5
1 2 4 5 10
12 7 3 6 13
11 23 9 0 14
22 17 8 18 15
16 21 24 19 20
#
5
1 2 4 5 10
12 7 3 6 13
11 23 9 0 14
22 17 8 18 15
16 21 24 19 20
#
5
1 2 4 5 10
12 7 3 6 13
11 23 9 0 14
22 17 8 18 15
16 21 24 19 20
#
5
1 2 4 5 10
12 7 3 6 13
11 23 9 0 14
22 17 8 18 15
16 21 24 19 20
#
5
1 2 4 5 10
12 7 3 6 13
11 23 9 0 14
22 17 8 18 15
16 21 24 19 20
#
5
1 2 4 5 10
12 7 3 6 13
11 23 9 0 14
22 17 8 18 15
16 21 24 19 20
#
5
1 2 4 5 10
12 7 3 6 13
11 23 9 0 14
22 17 8 18 15
16 21 24 19 20
#
5
1 2 4 5 10
12 7 3 6 13
11 23 9 0 14
22 17 8 18 15
16 21 24 19 20
#
5
1 2 4 5 10
12 7 3 6 13
11 23 9 0 14
22 17 8 18 15
16 21 24 19 20
#
5
1 2 4 5 10
12 7 3 6 13
11 23 9 0 14
22 17 8 18 15
16 21 24 19 20
#
5
1 2 4 5 10
12 7 3 6 13
11 23 9 0 14
22 17 8 18 15
16 21 24 19 20
#
5
1 2 4 5 10
12 7 3 6 13
11 23 9 0 14
22 17 8 18 15
16 21 24 19 20
#
5
1 2 4 5 10
12 7 3 6 13
11 23 9 0 14
22 17 8 18 15
16 21 24 19 20
#
5
1 2 4 5 10
12 7 3 6 13
11 23 9 0 14
22 17 8 18 15
16 21 24 19 20
#
5
1 2 4 5 10
12 7 3 6 13
11 23 9 0 14
22 17 8 18 15
16 21 24 19 20
#
5
1 2 4 5 10
12 7 3 6 13
11 23 9 0 14
22 17 8 18 15
16 21 24 19 20
#
5
1 2 4 5 10
12 7 3 6 13
11 23 9 0 14
22 17 8 18 15
16 21 24 19 20
#
5
1 2 4 5 10
12 7 3 6 13
11 23 9 0 14
22 17 8 18 15
16 21 24 19 20
#
5
1 2 4 5 10
12 7 3 6 13
11 23 9 0 14
22 17 8 18 15
16 21 24 19 20